      0/19    0.568G    0.1064    0.3489   0.03383    0.4891        63       416    0.3333  0.000407   0.02704  0.006287   0.09295    0.3025   0.03058
      1/19     0.56G   0.09259    0.3681   0.02786    0.4885        65       416   0.08901    0.1758   0.09879   0.02313   0.07712    0.2934   0.02353
      2/19     0.56G   0.08322    0.3561   0.02184    0.4611        64       416   0.08657     0.244    0.1266   0.03215   0.06942    0.2838   0.01963
      3/19     0.56G   0.07537    0.3829   0.01822    0.4764        49       416    0.1506    0.2576    0.1446   0.03665     0.067    0.2943   0.01623
      4/19     0.56G   0.06851    0.4031   0.01593    0.4875        62       416    0.1958    0.3215    0.1959    0.0562   0.06375    0.3078   0.01596
      5/19     0.56G   0.06247    0.4056   0.01456    0.4826        70       416     0.211    0.4797    0.3266   0.09975   0.05705    0.2945   0.01413
      6/19     0.56G   0.06253    0.3853   0.01368    0.4615        42       416    0.2655    0.4491    0.3034   0.08964   0.06651    0.2886   0.01307
      7/19     0.56G   0.06422    0.3738   0.01219    0.4502        88       416    0.4988    0.6115    0.5387    0.1695   0.05182    0.2772   0.01165
      8/19     0.56G   0.06095    0.3607   0.01134     0.433        63       416    0.4238    0.6504    0.4435    0.1421   0.06706     0.278  0.009004
      9/19     0.56G   0.05848    0.3409    0.0104    0.4098        93       416    0.3017    0.8843     0.591    0.1971   0.04948    0.2874  0.008122
     10/19     0.56G   0.05694    0.3644  0.009284    0.4307       104       416    0.3689    0.8341    0.5674    0.1964   0.05164    0.2774  0.007135
     11/19     0.56G   0.05587    0.3567  0.008402     0.421        77       416    0.4496    0.7376    0.5858    0.2196   0.04504    0.2936  0.006639
     12/19     0.56G    0.0547    0.3657   0.00781    0.4282        88       416    0.3364    0.9377    0.6403     0.294    0.0424    0.2829  0.005705
     13/19     0.56G   0.05247    0.3736  0.007368    0.4334       117       416    0.3164    0.9494    0.5754    0.2431   0.04663    0.2798  0.005248
     14/19     0.56G   0.05463     0.336  0.006631    0.3973        85       416    0.4064    0.9336    0.7469    0.3586   0.03974    0.2741  0.005319
     15/19     0.56G   0.04982    0.3639  0.006448    0.4202        46       416    0.3941    0.9309    0.6755    0.3219   0.03998    0.2766  0.004803
     16/19     0.56G   0.05022    0.3868  0.006271    0.4433        71       416    0.3422    0.9393    0.7119    0.3165   0.03877     0.282   0.00514
     17/19     0.56G   0.04583    0.3759  0.005735    0.4275        78       416    0.4362    0.9634    0.7893    0.3961   0.03588    0.2818  0.004228
     18/19     0.56G   0.04439    0.3714  0.005338    0.4211        57       416    0.4519    0.9489    0.7871    0.3826   0.03577    0.2769   0.00393
     19/19    0.562G   0.04436    0.3704  0.004965    0.4197        70       416    0.4631    0.9638    0.8122    0.4361     0.036     0.281   0.00401
